Last AUC	Last AP	Last Pr	Last Re	Best Epoch	Best AUC	Best AP	Best Pr	Best Re
gen_latent: 8.000000
0.581285	0.113459	0.000000	0.000000	0.584782	0.114405	0.000000	0.000000	2-1	0.584782	0.114417	0.000000	0.000000
0.558509	0.108432	0.000000	0.000000	0.585277	0.114607	0.000000	0.000000	1-0	0.585277	0.114607	0.000000	0.000000
0.576535	0.109842	0.000000	0.000000	0.599997	0.119759	0.000000	0.000000	0-0	0.599997	0.119759	0.000000	0.000000
0.577054	0.112346	0.000000	0.000000	0.590912	0.116477	0.000000	0.000000	1-0	0.590912	0.116477	0.000000	0.000000
0.558432	0.106778	0.000000	0.000000	0.571992	0.110423	0.000000	0.000000	2-0	0.571992	0.110423	0.000000	0.000000
gen_latent: 16.000000
0.563242	0.109470	0.000000	0.000000	0.600986	0.120099	0.000000	0.000000	0-0	0.600986	0.120099	0.000000	0.000000
0.572136	0.110873	0.000000	0.000000	0.589474	0.115807	0.000000	0.000000	1-0	0.589474	0.115807	0.000000	0.000000
