Last AUC	Last AP	Last Pr	Last Re	Best Epoch	Best AUC	Best AP	Best Pr	Best Re
Disc: 0.000000
0.915396	0.478736	0.445000	0.392070	3-0	0.907499	0.576118	0.705000	0.621145
0.928327	0.579410	0.670000	0.590308	2-2	0.916419	0.589620	0.755000	0.665198
0.894467	0.472156	0.510000	0.449339	3-0	0.936064	0.666005	0.810000	0.713656
0.918409	0.405978	0.245000	0.215859	2-4	0.873233	0.579331	0.725000	0.638767
0.963492	0.710453	0.820000	0.722467	4-0	0.962944	0.712468	0.820000	0.722467
Disc: 0.100000
0.694714	0.162197	0.010000	0.008811	0-0	0.934540	0.645904	0.795000	0.700441
0.455053	0.086342	0.005000	0.004405	2-3	0.818501	0.422233	0.565000	0.497797
0.133319	0.053602	0.000000	0.000000	2-0	0.874579	0.479756	0.615000	0.541850
0.843439	0.361347	0.220000	0.193833	3-3	0.891151	0.418589	0.270000	0.237885
0.849953	0.481243	0.650000	0.572687	3-4	0.882523	0.538544	0.650000	0.572687
Disc: 0.010000
0.628515	0.133480	0.005000	0.004405	3-1	0.692756	0.169984	0.005000	0.004405
0.660304	0.137692	0.000000	0.000000	3-5	0.883534	0.571079	0.660000	0.581498
0.846261	0.336227	0.160000	0.140969	4-1	0.885322	0.405645	0.270000	0.237885
0.648928	0.140420	0.000000	0.000000	0-0	0.839074	0.327935	0.010000	0.008811
0.621825	0.130327	0.005000	0.004405	1-2	0.911463	0.633378	0.795000	0.700441
Disc: 0.001000
0.568427	0.119773	0.010000	0.008811	2-3	0.943925	0.535508	0.390000	0.343612
0.823683	0.344816	0.225000	0.198238	3-3	0.925345	0.658018	0.805000	0.709251
0.586141	0.118912	0.000000	0.000000	0-2	0.865251	0.346597	0.170000	0.149780
0.712731	0.181149	0.010000	0.008811	1-5	0.930250	0.660042	0.795000	0.700441
0.958933	0.682169	0.810000	0.713656	0-2	0.964166	0.691827	0.825000	0.726872
