Last AUC	Last AP	Last Pr	Last Re	Best Epoch	Best AUC	Best AP	Best Pr	Best Re
quantile: 1.000000
gen_latent: 32.000000
0.577278	0.111853	0.000000	0.000000	1-5	0.929686	0.608078	0.740000	0.651982
0.617040	0.125707	0.000000	0.000000	3-0	0.765900	0.273112	0.015000	0.013216
0.780569	0.209270	0.020000	0.017621	4-4	0.764366	0.215574	0.020000	0.017621
0.801684	0.289134	0.015000	0.013216	2-3	0.921435	0.549556	0.635000	0.559471
0.645694	0.138905	0.005000	0.004405	4-1	0.796602	0.313402	0.160000	0.140969
quantile: 1.000000
gen_latent: 16.000000
0.860016	0.344021	0.165000	0.145374	4-4	0.861466	0.348234	0.165000	0.145374
0.609706	0.137787	0.025000	0.022026	1-5	0.676286	0.162302	0.015000	0.013216
0.661013	0.143110	0.005000	0.004405	2-5	0.879355	0.471534	0.540000	0.475771
0.846554	0.332641	0.165000	0.145374	0-0	0.891409	0.447342	0.515000	0.453744
0.908428	0.585378	0.735000	0.647577	4-4	0.919444	0.604210	0.755000	0.665198
quantile: 1.000000
gen_latent: 8.000000
0.641103	0.135947	0.015000	0.013216	4-2	0.781194	0.337410	0.320000	0.281938
0.518082	0.104884	0.000000	0.000000	1-4	0.862469	0.441622	0.495000	0.436123
0.765628	0.223262	0.010000	0.008811	1-5	0.912611	0.614892	0.785000	0.691630
0.850344	0.389318	0.315000	0.277533	4-4	0.895446	0.548057	0.695000	0.612335
0.590210	0.116936	0.005000	0.004405	0-3	0.710900	0.180786	0.010000	0.008811
quantile: 1.000000
gen_latent: 4.000000
0.647808	0.135244	0.005000	0.004405	4-0	0.836637	0.333397	0.080000	0.070485
0.738138	0.200615	0.015000	0.013216	0-0	0.789648	0.437152	0.470000	0.414097
0.586017	0.115792	0.005000	0.004405	0-1	0.934263	0.619325	0.775000	0.682819







quantile: 0.900000
gen_latent: 32.000000
0.805401	0.291697	0.015000	0.013216	4-3	0.870573	0.366562	0.165000	0.145374
0.810197	0.308127	0.015000	0.013216	3-3	0.833437	0.400533	0.480000	0.422907

Last AUC	Last AP	Last Pr	Last Re	Best Epoch	Best AUC	Best AP	Best Pr	Best Re
boosted: 0.000000								
disc_hidden: 8.000000								
0.952037	0.71244	0.8	0.704846	4-4	0.960242	0.735376	0.805	0.709251
0.59106	0.11436	0.005	0.004405	4-0	0.737676	0.201308	0.015	0.013216
0.900765	0.460277	0.395	0.348018	4-4	0.926605	0.543918	0.59	0.519824
0.867565	0.519016	0.655	0.577093	3-5	0.920765	0.544978	0.63	0.555066
0.931321	0.644344	0.785	0.69163	4-5	0.931321	0.644344	0.785	0.69163
boosted: 0.000000								
disc_hidden: 16.000000								
0.89366	0.467033	0.49	0.431718	4-5	0.89366	0.467033	0.49	0.431718
0.909938	0.50574	0.56	0.493392	1-5	0.903383	0.547396	0.705	0.621145
0.937257	0.590455	0.715	0.629956	4-5	0.937257	0.590455	0.715	0.629956
0.913145	0.455122	0.265	0.23348	3-3	0.923254	0.503015	0.435	0.38326
0.906457	0.452108	0.295	0.259912	0-0	0.928246	0.586679	0.665	0.585903
boosted: 0.000000								
disc_hidden: 32.000000								
0.661357	0.146774	0.005	0.004405	2-2	0.913015	0.640289	0.775	0.682819
0.89553	0.442367	0.31	0.273128	2-4	0.95255	0.697257	0.69	0.60793
0.617998	0.129044	0.005	0.004405	0-3	0.839097	0.44761	0.535	0.471366
0.627495	0.130844	0.005	0.004405	2-4	0.890067	0.512202	0.615	0.54185
0.927163	0.47541	0.345	0.303965	1-2	0.941806	0.645947	0.78	0.687225
boosted: 0.000000								
disc_hidden: 64.000000								
0.922885	0.540476	0.59	0.519824	1-5	0.931357	0.581974	0.64	0.563877
0.643844	0.136655	0.015	0.013216	3-2	0.933825	0.578536	0.685	0.603524
0.560167	0.107493	0.01	0.008811	1-0	0.942713	0.668377	0.81	0.713656
0.834619	0.347767	0.175	0.154185	2-4	0.928918	0.531989	0.52	0.45815
0.93153	0.463876	0.34	0.299559	3-3	0.949422	0.646485	0.67	0.590308
boosted: 1.000000								
disc_hidden: 8.000000								
0.639706	0.133506	0.005	0.004405	2-4	0.93312	0.651277	0.8	0.704846
0.863373	0.517178	0.66	0.581498	3-1	0.938098	0.670559	0.805	0.709251
0.925485	0.502874	0.43	0.378855	4-4	0.928282	0.521134	0.52	0.45815
0.919196	0.480791	0.38	0.334802	3-5	0.9289	0.530356	0.535	0.471366
0.492587	0.097065	0	0	0-1	0.937469	0.592106	0.755	0.665198
boosted: 1.000000								
disc_hidden: 16.000000								
0.507938	0.100109	0.005	0.004405	1-0	0.883166	0.563531	0.73	0.643172
0.924869	0.502355	0.435	0.38326	4-5	0.928589	0.523342	0.51	0.449339
0.552266	0.105808	0.005	0.004405	1-5	0.782721	0.33639	0.3	0.264317
0.901408	0.437727	0.26	0.229075	2-3	0.929602	0.531061	0.52	0.45815
0.619217	0.126599	0	0	4-4	0.714618	0.188808	0.015	0.013216
boosted: 1.000000								
disc_hidden: 32.000000								
0.212901	0.059446	0	0	3-0	0.924608	0.664366	0.8	0.704846
0.866914	0.410462	0.335	0.295154	3-0	0.95674	0.682447	0.765	0.674009
0.790606	0.257091	0.02	0.017621	4-1	0.953502	0.752307	0.62	0.546256
0.849697	0.354017	0.215	0.189427	2-0	0.927483	0.530566	0.535	0.471366
0.635486	0.1326	0	0	4-5	0.664371	0.154281	0.005	0.004405
boosted: 1.000000								
disc_hidden: 64.000000								
0.416606	0.083916	0	0	1-1	0.714623	0.18237	0.005	0.004405
0.649892	0.137898	0.015	0.013216	1-5	0.93017	0.660831	0.805	0.709251
0.733518	0.209757	0.015	0.013216	1-0	0.76208	0.276144	0.005	0.004405
0.639414	0.130813	0	0	0-5	0.855452	0.63874	0.65	0.572687
0.900337	0.437362	0.255	0.22467	2-2	0.928555	0.533315	0.53	0.46696
boosted: 5.000000								
disc_hidden: 8.000000								
0.545842	0.10137	0	0	1-4	0.959729	0.631752	0.715	0.629956
0.809311	0.34594	0.32	0.281938	1-2	0.951035	0.654934	0.775	0.682819
0.707921	0.174556	0.005	0.004405	1-0	0.899798	0.433322	0.3	0.264317
0.734523	0.179937	0.025	0.022026	2-4	0.908765	0.418642	0.205	0.180617
0.954787	0.719754	0.84	0.740088	4-5	0.959176	0.691968	0.825	0.726872
boosted: 5.000000								
disc_hidden: 16.000000								
0.7553	0.248081	0.015	0.013216	2-4	0.928819	0.530282	0.535	0.471366
0.645092	0.138793	0.005	0.004405	1-2	0.848997	0.567609	0.74	0.651982
0.642835	0.137052	0	0	1-1	0.918143	0.529253	0.63	0.555066
0.692009	0.146339	0.02	0.017621	1-2	0.959291	0.725664	0.815	0.718062
0.660491	0.14184	0	0	3-1	0.908968	0.449534	0.285	0.251101
boosted: 5.000000								
disc_hidden: 32.000000								
0.696528	0.174714	0.01	0.008811	1-0	0.913472	0.52987	0.595	0.524229
0.205704	0.058784	0	0	2-0	0.893933	0.631291	0.735	0.647577
0.69059	0.155399	0.015	0.013216	1-5	0.913939	0.507693	0.46	0.405286
0.830167	0.339514	0.14	0.123348	2-4	0.95973	0.686078	0.79	0.696035
0.887633	0.743306	0.805	0.709251	4-1	0.893428	0.647425	0.795	0.700441
boosted: 5.000000								
disc_hidden: 64.000000								
0.498856	0.103106	0.015	0.013216	4-1	0.895965	0.59144	0.665	0.585903
0.469898	0.090242	0.01	0.008811	0-3	0.840928	0.463173	0.65	0.572687
0.910876	0.475711	0.385	0.339207	1-1	0.938594	0.640872	0.775	0.682819
0.949907	0.619577	0.665	0.585903	3-3	0.967276	0.647498	0.735	0.647577
