TopologyGen
Last AUC	Last AP	Last Pr	Last Re	Best Epoch	Best AUC	Best AP	Best Pr	Best Re
gen_hidden: 4.000000
lr: 0.010000
0.664575	0.143445	0.005000	0.004405	7-3	0.858751	0.345397	0.165000	0.145374
0.754141	0.203790	0.015000	0.013216	6-0	0.886893	0.392013	0.205000	0.180617
0.540615	0.102695	0.000000	0.000000	0-2	0.928414	0.446956	0.285000	0.251101
0.502324	0.094166	0.000000	0.000000	5-5	0.937831	0.700545	0.800000	0.704846
0.700527	0.157126	0.010000	0.008811	6-1	0.920283	0.535776	0.585000	0.515419
gen_hidden: 8.000000
lr: 0.010000
0.651966	0.134172	0.000000	0.000000	3-2	0.831070	0.497779	0.665000	0.585903
0.261561	0.058674	0.000000	0.000000	3-0	0.922065	0.627081	0.755000	0.665198
0.878755	0.638343	0.795000	0.700441	4-3	0.955090	0.702080	0.840000	0.740088
0.808684	0.390776	0.520000	0.458150	5-4	0.931246	0.482711	0.470000	0.414097
0.769867	0.242896	0.020000	0.017621	4-1	0.929599	0.538567	0.540000	0.475771
gen_hidden: 16.000000
lr: 0.010000
0.733515	0.229421	0.015000	0.013216	2-3	0.928275	0.664013	0.800000	0.704846
0.209391	0.058654	0.000000	0.000000	0-0	0.892176	0.705890	0.800000	0.704846
0.626234	0.129453	0.005000	0.004405	9-4	0.662181	0.149846	0.005000	0.004405
0.553714	0.106024	0.000000	0.000000	5-1	0.814529	0.359665	0.360000	0.317181
0.825435	0.300452	0.015000	0.013216	2-1	0.945300	0.655447	0.790000	0.696035
gen_hidden: 32.000000
lr: 0.010000
0.647801	0.132253	0.005000	0.004405	1-4	0.857641	0.401683	0.345000	0.303965
0.532513	0.102546	0.015000	0.013216	2-3	0.957859	0.656614	0.770000	0.678414
0.677000	0.151814	0.010000	0.008811	7-1	0.925007	0.514633	0.505000	0.444934
0.277594	0.065223	0.000000	0.000000	1-4	0.948868	0.695468	0.785000	0.691630
0.654903	0.140989	0.005000	0.004405	1-0	0.883818	0.605552	0.700000	0.616740
gen_hidden: 64.000000
lr: 0.010000
0.616380	0.125742	0.005000	0.004405	1-0	0.945707	0.623952	0.735000	0.647577
0.847681	0.423482	0.460000	0.405286	1-4	0.964305	0.725816	0.830000	0.731278
0.911055	0.461615	0.315000	0.277533	0-5	0.950598	0.694969	0.800000	0.704846
0.570169	0.111067	0.000000	0.000000	3-1	0.899700	0.440742	0.385000	0.339207
0.894982	0.426693	0.255000	0.224670	3-1	0.934385	0.612033	0.715000	0.629956
