Last AUC	Last AP	Last Pr	Last Re	Best Epoch	Best AUC	Best AP	Best Pr	Best Re
LR: 0.000000
0.654875	0.143083	0.015000	0.013216	3-1	0.927939	0.543309	0.585000	0.515419
0.897479	0.493209	0.620000	0.546256	3-4	0.925231	0.536984	0.565000	0.497797
0.965639	0.692737	0.780000	0.687225	3-5	0.965878	0.694697	0.780000	0.687225
0.893188	0.425969	0.290000	0.255507	4-0	0.912180	0.504246	0.515000	0.453744
0.622411	0.129064	0.005000	0.004405	2-5	0.850652	0.492831	0.660000	0.581498
LR: 1.000000
0.958722	0.658093	0.765000	0.674009	3-3	0.961902	0.660167	0.770000	0.678414
0.650574	0.140541	0.000000	0.000000	3-0	0.903615	0.651154	0.730000	0.643172
0.551847	0.104753	0.010000	0.008811	1-5	0.914176	0.466275	0.505000	0.444934
0.772642	0.294767	0.115000	0.101322	2-5	0.855601	0.371939	0.195000	0.171806
0.916841	0.462007	0.300000	0.264317	2-2	0.956448	0.703020	0.815000	0.718062
LR: 2.000000
0.922091	0.497415	0.425000	0.374449	4-3	0.922803	0.499590	0.450000	0.396476
0.910073	0.571204	0.660000	0.581498	2-0	0.944437	0.663035	0.820000	0.722467
0.899758	0.515351	0.610000	0.537445	2-1	0.931495	0.663499	0.730000	0.643172
0.604408	0.119971	0.005000	0.004405	2-2	0.823832	0.258966	0.165000	0.145374
0.737684	0.191885	0.005000	0.004405	0-3	0.873826	0.513368	0.715000	0.629956
LR: 4.000000
0.606041	0.120908	0.000000	0.000000	2-1	0.943582	0.663419	0.745000	0.656388
0.840064	0.349518	0.150000	0.132159	2-3	0.957073	0.616596	0.690000	0.607930
0.556804	0.111550	0.000000	0.000000	0-1	0.880046	0.380728	0.165000	0.145374
0.493833	0.095891	0.005000	0.004405	0-0	0.862180	0.551481	0.655000	0.577093
0.835024	0.340099	0.145000	0.127753	3-2	0.930428	0.648245	0.805000	0.709251
LR: 8.000000
0.797098	0.334431	0.295000	0.259912	0-3	0.928623	0.608066	0.740000	0.651982
0.911373	0.487132	0.440000	0.387665	3-2	0.912583	0.498306	0.470000	0.414097
0.681293	0.160113	0.020000	0.017621	3-4	0.783601	0.350179	0.410000	0.361233
0.627946	0.129070	0.000000	0.000000	4-3	0.831499	0.556696	0.655000	0.577093
0.864805	0.494028	0.625000	0.550661	3-4	0.914130	0.600866	0.750000	0.660793
LR: 16.000000
0.923476	0.503455	0.440000	0.387665	1-5	0.936225	0.604756	0.730000	0.643172
0.785971	0.240792	0.015000	0.013216	4-0	0.928389	0.593276	0.735000	0.647577
0.897310	0.451024	0.355000	0.312775	2-2	0.935147	0.646152	0.805000	0.709251
0.853010	0.347463	0.170000	0.149780	1-5	0.908241	0.567001	0.750000	0.660793
0.574608	0.111756	0.005000	0.004405	0-0	0.857518	0.509606	0.650000	0.572687
LR: 32.000000
0.781415	0.215652	0.025000	0.022026	3-2	0.909210	0.494265	0.515000	0.453744
0.827096	0.376325	0.410000	0.361233	4-2	0.854870	0.443242	0.525000	0.462555
0.926759	0.526242	0.565000	0.497797	2-1	0.935004	0.528178	0.495000	0.436123
0.707630	0.147438	0.020000	0.017621	3-2	0.738906	0.234175	0.030000	0.026432
0.852220	0.434552	0.580000	0.511013	4-5	0.852220	0.434552	0.580000	0.511013
