Last AUC	Last AP	Last Pr	Last Re	Best Epoch	Best AUC	Best AP	Best Pr	Best Re
d_steps: 1.000000
epochs: 20.000000
0.734531	0.195452	0.010000	0.008811	0.734531	0.195452	0.010000	0.008811	2-4	0.955936	0.692772	0.800000	0.704846
0.529047	0.097536	0.010000	0.008811	0.529047	0.097536	0.010000	0.008811	1-0	0.671282	0.153348	0.005000	0.004405
0.728449	0.186724	0.015000	0.013216	0.728449	0.186724	0.015000	0.013216	4-2	0.937096	0.638168	0.775000	0.682819
0.225122	0.060568	0.000000	0.000000	0.225122	0.060568	0.000000	0.000000	0-5	0.948331	0.664975	0.725000	0.638767
0.531817	0.100618	0.000000	0.000000	0.531817	0.100618	0.000000	0.000000	2-5	0.928766	0.533494	0.555000	0.488987
d_steps: 3.000000
epochs: 20.000000
0.577847	0.111671	0.000000	0.000000	0.577847	0.111671	0.000000	0.000000	6-0	0.831674	0.541297	0.650000	0.572687
0.662109	0.142598	0.005000	0.004405	0.662109	0.142598	0.005000	0.004405	6-3	0.916989	0.639414	0.775000	0.682819
0.500000	0.071004	0.000000	0.000000	0.567309	0.108657	0.025000	0.022026	3-5	0.941640	0.736366	0.870000	0.766520
0.639206	0.136302	0.000000	0.000000	0.639206	0.136302	0.000000	0.000000	6-3	0.916277	0.528512	0.610000	0.537445
0.641204	0.131947	0.005000	0.004405	0.641204	0.131947	0.005000	0.004405	1-0	0.924323	0.546072	0.610000	0.537445
d_steps: 5.000000
epochs: 20.000000
0.563297	0.108491	0.005000	0.004405	0.563297	0.108491	0.005000	0.004405	0-0	0.877902	0.332815	0.020000	0.017621
0.638620	0.135077	0.020000	0.017621	0.638620	0.135077	0.020000	0.017621	1-3	0.805094	0.298990	0.020000	0.017621
0.552406	0.109925	0.000000	0.000000	0.552406	0.109925	0.000000	0.000000	0-5	0.916293	0.577108	0.755000	0.665198
0.301383	0.067100	0.015000	0.013216	0.301383	0.067100	0.015000	0.013216	2-1	0.926481	0.547926	0.585000	0.515419
0.414795	0.080966	0.000000	0.000000	0.414795	0.080966	0.000000	0.000000	0-5	0.931728	0.606042	0.665000	0.585903
