Last AUC	Last AP	Last Pr	Last Re	Best Epoch	Best AUC	Best AP	Best Pr	Best Re
attn.layers: 1.000000
attn.heads: 1.000000
0.601646	0.119711	0.000000	0.000000	0.601646	0.119711	0.000000	0.000000	4-1	0.762003	0.300382	0.180000	0.158590
0.684648	0.156697	0.005000	0.004405	0.684648	0.156697	0.005000	0.004405	7-1	0.951705	0.696755	0.800000	0.704846
0.918337	0.476500	0.350000	0.308370	0.918337	0.476500	0.350000	0.308370	5-5	0.924748	0.508370	0.445000	0.392070
0.584673	0.120475	0.015000	0.013216	0.584673	0.120475	0.015000	0.013216	1-3	0.919776	0.637476	0.720000	0.634361
0.783754	0.323526	0.270000	0.237885	0.783754	0.323526	0.270000	0.237885	1-5	0.902625	0.568888	0.665000	0.585903
attn.layers: 1.000000
attn.heads: 2.000000
0.496769	0.093799	0.010000	0.008811	0.496769	0.093799	0.010000	0.008811	0-1	0.936920	0.537409	0.535000	0.471366
0.830439	0.337208	0.135000	0.118943	0.830439	0.337208	0.135000	0.118943	4-5	0.931148	0.650298	0.810000	0.713656
0.899944	0.595127	0.665000	0.585903	0.899944	0.595127	0.665000	0.585903	3-4	0.944844	0.662600	0.795000	0.700441
0.878729	0.432905	0.445000	0.392070	0.878729	0.432905	0.445000	0.392070	1-5	0.914893	0.519289	0.600000	0.528634
0.606289	0.121608	0.000000	0.000000	0.606289	0.121608	0.000000	0.000000	4-3	0.698974	0.188287	0.010000	0.008811
attn.layers: 1.000000
attn.heads: 4.000000
0.911742	0.457191	0.275000	0.242291	0.911742	0.457191	0.275000	0.242291	2-5	0.946230	0.651082	0.780000	0.687225
0.885531	0.380627	0.165000	0.145374	0.885531	0.380627	0.165000	0.145374	2-4	0.918987	0.516198	0.525000	0.462555
0.647036	0.140489	0.000000	0.000000	0.647036	0.140489	0.000000	0.000000	2-2	0.915249	0.634633	0.795000	0.700441
0.683426	0.170410	0.005000	0.004405	0.683426	0.170410	0.005000	0.004405	0-0	0.966246	0.897853	0.960000	0.845815
0.599674	0.118950	0.000000	0.000000	0.599674	0.118950	0.000000	0.000000	2-3	0.951187	0.667847	0.780000	0.687225
attn.layers: 1.000000
attn.heads: 8.000000
0.796330	0.288913	0.015000	0.013216	0.796330	0.288913	0.015000	0.013216	2-4	0.924687	0.508494	0.450000	0.396476
0.810656	0.310994	0.060000	0.052863	0.810656	0.310994	0.060000	0.052863	3-2	0.917081	0.629765	0.805000	0.709251
0.627598	0.130846	0.005000	0.004405	0.627598	0.130846	0.005000	0.004405	0-0	0.863681	0.455984	0.615000	0.541850
0.898161	0.431720	0.290000	0.255507	0.898161	0.431720	0.290000	0.255507	4-0	0.920667	0.616841	0.805000	0.709251
0.931768	0.557826	0.605000	0.533040	0.931768	0.557826	0.605000	0.533040	9-0	0.934157	0.576188	0.655000	0.577093
attn.layers: 1.000000
attn.heads: 16.000000
0.624541	0.128519	0.020000	0.017621	0.624541	0.128519	0.020000	0.017621	5-4	0.894016	0.619081	0.770000	0.678414
0.897186	0.411628	0.170000	0.149780	0.897186	0.411628	0.170000	0.149780	6-1	0.930904	0.542989	0.580000	0.511013
0.828103	0.327636	0.115000	0.101322	0.828103	0.327636	0.115000	0.101322	2-1	0.939912	0.678337	0.815000	0.718062
0.413290	0.080747	0.005000	0.004405	0.413290	0.080747	0.005000	0.004405	2-3	0.707917	0.167701	0.010000	0.008811
0.929061	0.540410	0.555000	0.488987	0.929061	0.540410	0.555000	0.488987	1-5	0.911362	0.566420	0.765000	0.674009
attn.layers: 2.000000
attn.heads: 1.000000
0.748752	0.198308	0.015000	0.013216	0.748752	0.198308	0.015000	0.013216	1-5	0.780950	0.341131	0.340000	0.299559
0.595971	0.117350	0.000000	0.000000	0.595971	0.117350	0.000000	0.000000	4-2	0.742857	0.246589	0.020000	0.017621
0.697817	0.171716	0.020000	0.017621	0.697817	0.171716	0.020000	0.017621	1-5	0.849152	0.247908	0.015000	0.013216
0.630691	0.131266	0.000000	0.000000	0.630691	0.131266	0.000000	0.000000	0-2	0.866576	0.413053	0.430000	0.378855
0.689958	0.166294	0.000000	0.000000	0.689958	0.166294	0.000000	0.000000	8-2	0.944751	0.859741	0.810000	0.713656
attn.layers: 2.000000
attn.heads: 2.000000
0.923692	0.497388	0.420000	0.370044	0.923692	0.497388	0.420000	0.370044	1-3	0.938427	0.618934	0.700000	0.616740
0.609298	0.122411	0.000000	0.000000	0.609298	0.122411	0.000000	0.000000	0-0	0.841611	0.350009	0.195000	0.171806
0.591923	0.117350	0.005000	0.004405	0.591923	0.117350	0.005000	0.004405	5-2	0.703761	0.193919	0.005000	0.004405
0.797073	0.342803	0.345000	0.303965	0.797073	0.342803	0.345000	0.303965	1-4	0.936619	0.590661	0.725000	0.638767
0.532651	0.101174	0.005000	0.004405	0.532651	0.101174	0.005000	0.004405	4-0	0.634402	0.139553	0.005000	0.004405
attn.layers: 2.000000
attn.heads: 4.000000
0.928241	0.513637	0.450000	0.396476	0.928241	0.513637	0.450000	0.396476	9-0	0.933062	0.535199	0.540000	0.475771
0.794240	0.363710	0.435000	0.383260	0.794240	0.363710	0.435000	0.383260	9-5	0.794240	0.363710	0.435000	0.383260
0.903460	0.443057	0.290000	0.255507	0.903460	0.443057	0.290000	0.255507	1-4	0.938354	0.627602	0.780000	0.687225
0.917617	0.480010	0.380000	0.334802	0.917617	0.480010	0.380000	0.334802	5-4	0.948076	0.647936	0.790000	0.696035
0.560946	0.107608	0.005000	0.004405	0.560946	0.107608	0.005000	0.004405	1-2	0.871836	0.519521	0.645000	0.568282
attn.layers: 2.000000
attn.heads: 8.000000
0.629696	0.132114	0.000000	0.000000	0.629696	0.132114	0.000000	0.000000	6-5	0.924415	0.512062	0.495000	0.436123
0.917966	0.501559	0.470000	0.414097	0.917966	0.501559	0.470000	0.414097	2-4	0.958087	0.688134	0.840000	0.740088
0.280679	0.064547	0.000000	0.000000	0.280679	0.064547	0.000000	0.000000	1-3	0.825778	0.315279	0.020000	0.017621
0.917007	0.469046	0.325000	0.286344	0.917007	0.469046	0.325000	0.286344	5-4	0.933763	0.564878	0.625000	0.550661
0.906983	0.467860	0.375000	0.330396	0.906983	0.467860	0.375000	0.330396	1-3	0.897278	0.599785	0.745000	0.656388
attn.layers: 2.000000
attn.heads: 16.000000
0.926646	0.510245	0.470000	0.414097	0.926646	0.510245	0.470000	0.414097	1-3	0.914690	0.544297	0.665000	0.585903
0.714510	0.194723	0.015000	0.013216	0.714510	0.194723	0.015000	0.013216	9-1	0.886324	0.747629	0.805000	0.709251
0.928311	0.521272	0.505000	0.444934	0.928311	0.521272	0.505000	0.444934	3-2	0.924503	0.537520	0.570000	0.502203
0.679512	0.157427	0.020000	0.017621	0.679512	0.157427	0.020000	0.017621	3-1	0.902019	0.586637	0.715000	0.629956
0.928910	0.527708	0.525000	0.462555	0.928910	0.527708	0.525000	0.462555	9-5	0.928910	0.527708	0.525000	0.462555
attn.layers: 4.000000
attn.heads: 1.000000
0.613463	0.124041	0.000000	0.000000	0.613463	0.124041	0.000000	0.000000	0-1	0.824149	0.306434	0.015000	0.013216
0.593916	0.116962	0.000000	0.000000	0.593916	0.116962	0.000000	0.000000	3-1	0.862995	0.408712	0.365000	0.321586
0.709066	0.183878	0.020000	0.017621	0.709066	0.183878	0.020000	0.017621	2-0	0.928621	0.526528	0.580000	0.511013
0.500000	0.071004	0.000000	0.000000	0.479748	0.094077	0.000000	0.000000	0-1	0.605711	0.125119	0.000000	0.000000
0.500000	0.071004	0.000000	0.000000	0.484089	0.096637	0.000000	0.000000	0-1	0.576266	0.112109	0.005000	0.004405
attn.layers: 4.000000
attn.heads: 2.000000
0.639165	0.136146	0.000000	0.000000	0.639165	0.136146	0.000000	0.000000	1-2	0.957467	0.715331	0.810000	0.713656
