Last AUC	Last AP	Last Pr	Last Re	Best Epoch	Best AUC	Best AP	Best Pr	Best Re
lr: 0.010000
quantile: 0.800000
0.717572	0.190039	0.015000	0.013216	0.780050	0.340447	0.350000	0.308370	9-2	0.780050	0.340447	0.350000	0.308370
0.605829	0.121699	0.000000	0.000000	0.798188	0.303048	0.090000	0.079295	2-0	0.894276	0.463631	0.495000	0.436123
0.642229	0.138253	0.005000	0.004405	0.784025	0.191802	0.020000	0.017621	6-3	0.752267	0.195917	0.065000	0.057269
0.709753	0.162886	0.010000	0.008811	0.917981	0.657617	0.800000	0.704846	2-2	0.917981	0.657617	0.800000	0.704846
0.949971	0.610937	0.715000	0.629956	0.847865	0.388910	0.420000	0.370044	8-2	0.951189	0.616702	0.740000	0.651982
lr: 0.010000
quantile: 0.900000
0.857352	0.512340	0.655000	0.577093	0.886385	0.555646	0.680000	0.599119	6-3	0.942460	0.632755	0.705000	0.621145
0.866133	0.356612	0.165000	0.145374	0.914293	0.444899	0.260000	0.229075	5-1	0.928595	0.532145	0.525000	0.462555
0.613393	0.125958	0.000000	0.000000	0.621851	0.129983	0.010000	0.008811	2-3	0.820825	0.412451	0.545000	0.480176
0.751979	0.200565	0.015000	0.013216	0.909436	0.465513	0.355000	0.312775	1-2	0.955790	0.687492	0.785000	0.691630
0.674439	0.151354	0.010000	0.008811	0.884411	0.445176	0.440000	0.387665	5-3	0.929168	0.559121	0.620000	0.546256
lr: 0.005000
quantile: 0.800000
0.903445	0.482665	0.490000	0.431718	0.588119	0.116065	0.000000	0.000000	3-3	0.944886	0.750248	0.800000	0.704846
0.931280	0.527268	0.505000	0.444934	0.925695	0.508290	0.445000	0.392070	9-3	0.931280	0.527268	0.505000	0.444934
0.911634	0.505356	0.595000	0.524229	0.898092	0.451685	0.345000	0.303965	5-0	0.942299	0.647347	0.775000	0.682819
0.742520	0.192622	0.010000	0.008811	0.921097	0.509014	0.500000	0.440529	4-3	0.870906	0.602779	0.765000	0.674009
0.857487	0.439960	0.600000	0.528634	0.811448	0.372886	0.460000	0.405286	3-2	0.816802	0.442201	0.565000	0.497797
lr: 0.005000
quantile: 0.900000
0.910968	0.467890	0.350000	0.308370	0.868167	0.378974	0.165000	0.145374	9-3	0.910968	0.467890	0.350000	0.308370
0.831935	0.233213	0.020000	0.017621	0.862878	0.408588	0.480000	0.422907	4-1	0.901956	0.459282	0.375000	0.330396
0.918332	0.502453	0.475000	0.418502	0.905852	0.462481	0.445000	0.392070	5-1	0.906890	0.629005	0.670000	0.590308
0.911955	0.457430	0.300000	0.264317	0.921707	0.504323	0.465000	0.409692	5-0	0.931031	0.545890	0.590000	0.519824
0.858696	0.350296	0.225000	0.198238	0.671539	0.155415	0.010000	0.008811	8-0	0.951910	0.659182	0.780000	0.687225
lr: 0.002500
quantile: 0.800000
0.914403	0.492174	0.455000	0.400881	0.914403	0.492174	0.455000	0.400881	6-2	0.935986	0.654441	0.810000	0.713656
0.635659	0.139572	0.005000	0.004405	0.704201	0.171757	0.005000	0.004405	0-1	0.927954	0.808887	0.810000	0.713656
0.862598	0.481687	0.615000	0.541850	0.775645	0.348886	0.380000	0.334802	9-1	0.894645	0.573846	0.730000	0.643172
0.396126	0.077750	0.005000	0.004405	0.396126	0.077750	0.005000	0.004405	2-1	0.862228	0.526713	0.655000	0.577093
0.926234	0.622317	0.790000	0.696035	0.926234	0.622317	0.790000	0.696035	8-0	0.939011	0.657442	0.800000	0.704846
lr: 0.002500
quantile: 0.900000
0.807880	0.391465	0.535000	0.471366	0.815744	0.416666	0.595000	0.524229	9-2	0.824065	0.423894	0.595000	0.524229
0.904319	0.478384	0.415000	0.365639	0.888712	0.424727	0.350000	0.308370	8-3	0.919972	0.514521	0.525000	0.462555
0.835087	0.328091	0.150000	0.132159	0.790407	0.219653	0.015000	0.013216	5-0	0.889206	0.404897	0.220000	0.193833
0.811601	0.299105	0.015000	0.013216	0.906226	0.451069	0.295000	0.259912	6-2	0.908024	0.454910	0.285000	0.251101
0.753109	0.245492	0.010000	0.008811	0.753109	0.245492	0.010000	0.008811	7-3	0.847981	0.458239	0.630000	0.555066
lr: 0.000100
quantile: 0.800000
0.541469	0.107608	0.000000	0.000000	0.487047	0.091819	0.000000	0.000000	2-2	0.784272	0.359331	0.440000	0.387665
0.533931	0.100244	0.005000	0.004405	0.746573	0.186569	0.020000	0.017621	0-0	0.877368	0.311114	0.025000	0.022026
