Last AUC	Last AP	Last Pr	Last Re	Best Epoch	Best AUC	Best AP	Best Pr	Best Re
LR: 0.050000
0.869732	0.438445	0.510000	0.449339	4-0	0.953305	0.694570	0.820000	0.722467
0.525299	0.098823	0.005000	0.004405	3-3	0.811690	0.319359	0.205000	0.180617
0.260152	0.063588	0.005000	0.004405	0-1	0.967945	0.789374	0.880000	0.775330
0.944329	0.605787	0.745000	0.656388	4-5	0.944329	0.605787	0.745000	0.656388
0.651151	0.143922	0.005000	0.004405	1-2	0.848868	0.277028	0.005000	0.004405
LR: 0.010000
0.916506	0.490474	0.410000	0.361233	2-0	0.905488	0.618444	0.765000	0.674009
0.635368	0.132587	0.000000	0.000000	1-1	0.860504	0.313729	0.025000	0.022026
0.589081	0.111292	0.015000	0.013216	1-1	0.951990	0.682833	0.765000	0.674009
0.540176	0.102279	0.005000	0.004405	1-2	0.946895	0.607097	0.625000	0.550661
0.145426	0.054003	0.000000	0.000000	0-1	0.825681	0.386259	0.395000	0.348018
LR: 0.005000
0.810277	0.314303	0.100000	0.088106	4-3	0.909253	0.471874	0.380000	0.334802
0.700513	0.166191	0.020000	0.017621	4-4	0.935960	0.684801	0.795000	0.700441
0.720181	0.200013	0.005000	0.004405	1-5	0.959259	0.721310	0.805000	0.709251
0.578664	0.112983	0.005000	0.004405	3-0	0.910938	0.425447	0.265000	0.233480
0.877902	0.532814	0.655000	0.577093	4-4	0.958895	0.719417	0.800000	0.704846
LR: 0.001000
0.558702	0.108142	0.005000	0.004405	2-4	0.927899	0.555213	0.595000	0.524229
0.909744	0.449936	0.255000	0.224670	4-1	0.928389	0.527979	0.510000	0.449339
0.619953	0.128661	0.005000	0.004405	2-2	0.774052	0.279554	0.025000	0.022026
0.656807	0.137755	0.005000	0.004405	4-3	0.894335	0.621143	0.790000	0.696035
0.619141	0.126762	0.000000	0.000000	1-2	0.933235	0.632929	0.815000	0.718062
LR: 0.000500
0.607961	0.122320	0.000000	0.000000	1-5	0.787576	0.327743	0.300000	0.264317
0.383407	0.071731	0.000000	0.000000	0-0	0.942985	0.665960	0.825000	0.726872
