Last AUC	Last AP	Last Pr	Last Re	Best Epoch	Best AUC	Best AP	Best Pr	Best Re
lr: 0.050000
quantile: 0.800000
0.551302	0.105325	0.000000	0.000000	0.550340	0.104789	0.000000	0.000000	0-0	0.831813	0.233442	0.090000	0.079295
0.563992	0.108689	0.000000	0.000000	0.531836	0.100695	0.000000	0.000000	0-0	0.798555	0.191317	0.115000	0.101322
0.497293	0.094748	0.000000	0.000000	0.502335	0.096078	0.000000	0.000000	0-1	0.867183	0.549573	0.680000	0.599119
0.445026	0.076525	0.000000	0.000000	0.255782	0.062765	0.000000	0.000000	1-1	0.699402	0.159119	0.010000	0.008811
0.538198	0.102427	0.000000	0.000000	0.533586	0.101348	0.000000	0.000000	0-0	0.917744	0.547829	0.655000	0.577093
lr: 0.050000
quantile: 0.900000
0.551010	0.105743	0.000000	0.000000	0.627256	0.129499	0.010000	0.008811	1-5	0.737363	0.189916	0.005000	0.004405
0.508593	0.095071	0.000000	0.000000	0.445552	0.076594	0.000000	0.000000	3-4	0.725314	0.165759	0.015000	0.013216
0.560510	0.107716	0.000000	0.000000	0.565668	0.109048	0.000000	0.000000	0-1	0.613173	0.171670	0.155000	0.136564
0.555102	0.106117	0.000000	0.000000	0.590887	0.115603	0.000000	0.000000	2-3	0.590887	0.115603	0.000000	0.000000
0.525764	0.098841	0.000000	0.000000	0.497872	0.084626	0.000000	0.000000	2-3	0.778551	0.275899	0.025000	0.022026
lr: 0.010000
quantile: 0.800000
0.577555	0.111972	0.000000	0.000000	0.666857	0.153040	0.005000	0.004405	3-1	0.907013	0.640460	0.780000	0.687225
0.900675	0.381966	0.240000	0.211454	0.566265	0.110714	0.000000	0.000000	1-4	0.933124	0.606856	0.750000	0.660793
0.557389	0.106507	0.010000	0.008811	0.544832	0.103866	0.005000	0.004405	0-4	0.725419	0.189419	0.015000	0.013216
0.847312	0.333666	0.165000	0.145374	0.911282	0.446757	0.260000	0.229075	3-4	0.926013	0.507489	0.460000	0.405286
0.880890	0.410638	0.315000	0.277533	0.913442	0.494290	0.475000	0.418502	1-2	0.928680	0.624916	0.805000	0.709251
lr: 0.010000
quantile: 0.900000
0.614596	0.125618	0.000000	0.000000	0.709466	0.193497	0.010000	0.008811	2-0	0.730024	0.217404	0.005000	0.004405
0.601485	0.119962	0.010000	0.008811	0.700414	0.155218	0.005000	0.004405	1-4	0.897643	0.473566	0.495000	0.436123
0.851918	0.270232	0.010000	0.008811	0.669767	0.156830	0.005000	0.004405	4-2	0.940575	0.612539	0.750000	0.660793
0.556595	0.106445	0.000000	0.000000	0.584211	0.114361	0.000000	0.000000	0-0	0.834599	0.328405	0.205000	0.180617
0.823869	0.237563	0.005000	0.004405	0.541920	0.102778	0.005000	0.004405	2-2	0.867479	0.287936	0.005000	0.004405
lr: 0.005000
quantile: 0.800000
0.726042	0.184497	0.025000	0.022026	0.922412	0.611844	0.740000	0.651982	1-5	0.934919	0.661178	0.825000	0.726872
0.699158	0.178723	0.020000	0.017621	0.699158	0.178723	0.020000	0.017621	3-2	0.925433	0.512739	0.455000	0.400881
0.803870	0.298099	0.040000	0.035242	0.803870	0.298099	0.040000	0.035242	4-4	0.804763	0.330453	0.260000	0.229075
0.555621	0.105969	0.005000	0.004405	0.710660	0.177257	0.005000	0.004405	2-3	0.753663	0.230654	0.005000	0.004405
0.817597	0.250750	0.010000	0.008811	0.829466	0.255597	0.005000	0.004405	0-0	0.884138	0.553839	0.730000	0.643172
lr: 0.005000
quantile: 0.900000
0.725756	0.187707	0.015000	0.013216	0.795095	0.271584	0.015000	0.013216	2-3	0.906235	0.444085	0.360000	0.317181
0.860833	0.430793	0.540000	0.475771	0.750467	0.220481	0.025000	0.022026	1-0	0.944086	0.656151	0.800000	0.704846
0.720603	0.191154	0.010000	0.008811	0.820606	0.383601	0.485000	0.427313	1-5	0.945553	0.684776	0.835000	0.735683
0.929997	0.510692	0.550000	0.484581	0.909790	0.457098	0.475000	0.418502	2-2	0.946781	0.694247	0.805000	0.709251
0.906906	0.574694	0.665000	0.585903	0.906882	0.440814	0.305000	0.268722	2-0	0.954617	0.724405	0.800000	0.704846
lr: 0.002500
quantile: 0.800000
0.618328	0.149879	0.010000	0.008811	0.618328	0.149879	0.010000	0.008811	0-1	0.903081	0.383335	0.030000	0.026432
0.645423	0.143283	0.005000	0.004405	0.645423	0.143283	0.005000	0.004405	1-5	0.781823	0.249399	0.015000	0.013216
0.904537	0.549914	0.660000	0.581498	0.905165	0.422922	0.300000	0.264317	3-5	0.929806	0.644091	0.805000	0.709251
0.464022	0.088826	0.000000	0.000000	0.734817	0.213397	0.015000	0.013216	4-4	0.824280	0.246137	0.015000	0.013216
0.682265	0.151099	0.005000	0.004405	0.719138	0.181155	0.005000	0.004405	3-1	0.782610	0.276134	0.010000	0.008811
lr: 0.002500
quantile: 0.900000
0.809322	0.258456	0.005000	0.004405	0.809322	0.258456	0.005000	0.004405	0-5	0.832566	0.381487	0.315000	0.277533
0.933422	0.636484	0.755000	0.665198	0.879966	0.418673	0.335000	0.295154	4-5	0.933422	0.636484	0.755000	0.665198
0.839780	0.364359	0.245000	0.215859	0.798817	0.299057	0.075000	0.066079	4-5	0.839780	0.364359	0.245000	0.215859
0.888928	0.414631	0.265000	0.233480	0.781457	0.241599	0.030000	0.026432	4-2	0.898655	0.490669	0.560000	0.493392
0.801876	0.395003	0.505000	0.444934	0.774543	0.318825	0.230000	0.202643	2-3	0.871459	0.552176	0.705000	0.621145
lr: 0.000100
quantile: 0.800000
0.885526	0.302296	0.080000	0.070485	0.905855	0.370930	0.245000	0.215859	1-5	0.936296	0.611629	0.735000	0.647577
0.480879	0.090420	0.000000	0.000000	0.179159	0.056723	0.000000	0.000000	4-3	0.517019	0.096716	0.000000	0.000000
0.500000	0.071004	0.000000	0.000000	0.151471	0.054472	0.000000	0.000000	0-0	0.892429	0.414562	0.250000	0.220264
0.528852	0.097827	0.005000	0.004405	0.725878	0.176238	0.005000	0.004405	0-0	0.829797	0.248937	0.010000	0.008811
0.432515	0.084196	0.000000	0.000000	0.863635	0.444474	0.615000	0.541850	0-2	0.896295	0.615318	0.795000	0.700441
lr: 0.000100
quantile: 0.900000
0.732976	0.182721	0.005000	0.004405	0.531450	0.102444	0.030000	0.026432	4-5	0.732976	0.182721	0.005000	0.004405
0.305470	0.064199	0.000000	0.000000	0.135580	0.052427	0.000000	0.000000	1-0	0.910473	0.451629	0.305000	0.268722
0.499886	0.087478	0.030000	0.026432	0.180500	0.054133	0.000000	0.000000	4-5	0.499886	0.087478	0.030000	0.026432
0.458870	0.087104	0.000000	0.000000	0.231527	0.061298	0.000000	0.000000	3-1	0.491031	0.092326	0.000000	0.000000
0.131574	0.052801	0.000000	0.000000	0.086572	0.064474	0.025000	0.022026	0-1	0.831509	0.497512	0.635000	0.559471
