Last AUC	Last AP Last Pr Last Re Best Epoch	 Best AUC	Best AP Best Pr Best Re
lr: 0.020000
epochs: 20.000000
0.567994	0.109694	0.000000	0.000000	0.567994	0.109694	0.000000	0.000000	0-0	0.800200	0.252645	0.020000	0.017621
0.886394	0.386755	0.195000	0.171806	0.886394	0.386755	0.195000	0.171806	12-4	0.927953	0.538426	0.545000	0.480176
0.617739	0.125386	0.000000	0.000000	0.617739	0.125386	0.000000	0.000000	3-2	0.880712	0.373667	0.315000	0.277533
0.624963	0.128361	0.000000	0.000000	0.624963	0.128361	0.000000	0.000000	10-0	0.939105	0.576198	0.690000	0.607930
0.814143	0.337523	0.355000	0.312775	0.814143	0.337523	0.355000	0.312775	1-1	0.972993	0.769620	0.840000	0.740088
lr: 0.010000
epochs: 20.000000
0.734531	0.195452	0.010000	0.008811	0.734531	0.195452	0.010000	0.008811	2-4	0.955936	0.692772	0.800000	0.704846
0.529047	0.097536	0.010000	0.008811	0.529047	0.097536	0.010000	0.008811	1-0	0.671282	0.153348	0.005000	0.004405
0.728449	0.186724	0.015000	0.013216	0.728449	0.186724	0.015000	0.013216	4-2	0.937096	0.638168	0.775000	0.682819
0.225122	0.060568	0.000000	0.000000	0.225122	0.060568	0.000000	0.000000	0-5	0.948331	0.664975	0.725000	0.638767
0.531817	0.100618	0.000000	0.000000	0.531817	0.100618	0.000000	0.000000	2-5	0.928766	0.533494	0.555000	0.488987
lr: 0.005000
epochs: 20.000000
0.280143	0.065421	0.010000	0.008811	0.280143	0.065421	0.010000	0.008811	5-1	0.956910	0.706781	0.805000	0.709251
0.563863	0.113154	0.000000	0.000000	0.563863	0.113154	0.000000	0.000000	0-0	0.929059	0.597095	0.660000	0.581498
0.514631	0.095461	0.000000	0.000000	0.514631	0.095461	0.000000	0.000000	4-2	0.937687	0.572120	0.675000	0.594714
0.900474	0.379656	0.115000	0.101322	0.900474	0.379656	0.115000	0.101322	11-5    0.953983	0.638002	0.705000	0.621145
0.814101	0.392731	0.420000	0.370044	0.814101	0.392731	0.420000	0.370044	13-2    0.882643	0.738187	0.805000	0.709251
lr: 0.001000
epochs: 20.000000
0.710034	0.199672	0.005000	0.004405	0.710034	0.199672	0.005000	0.004405	0-3	0.888370	0.461387	0.560000	0.493392
0.599442	0.121977	0.000000	0.000000	0.599442	0.121977	0.000000	0.000000	10-0    0.859875	0.520290	0.655000	0.577093
0.721315	0.181508	0.005000	0.004405	0.721315	0.181508	0.005000	0.004405	8-2	0.773988	0.270594	0.015000	0.013216
0.845926	0.378013	0.380000	0.334802	0.845926	0.378013	0.380000	0.334802	15-1    0.859055	0.396283	0.365000	0.321586
0.786562	0.336803	0.305000	0.268722	0.786562	0.336803	0.305000	0.268722	0-0	0.942260	0.483250	0.340000	0.299559
lr: 0.000250
epochs: 20.000000
0.702707	0.168476	0.015000	0.013216	0.702707	0.168476	0.015000	0.013216	6-4	0.774605	0.222899	0.005000	0.004405
0.781186	0.264235	0.005000	0.004405	0.781186	0.264235	0.005000	0.004405	0-2	0.961480	0.681987	0.800000	0.704846
0.787156	0.246907	0.015000	0.013216	0.787156	0.246907	0.015000	0.013216	3-2	0.951640	0.578998	0.660000	0.581498
0.755457	0.213943	0.005000	0.004405	0.755457	0.213943	0.005000	0.004405	2-1	0.961198	0.818901	0.860000	0.757709
0.916144	0.597046	0.805000	0.709251	0.916144	0.597046	0.805000	0.709251	2-1	0.936656	0.659531	0.645000	0.568282
lr: 0.000100
epochs: 20.000000
0.543397	0.104104	0.005000	0.004405	0.543397	0.104104	0.005000	0.004405	1-2	0.889226	0.641919	0.650000	0.572687
0.500000	0.071004	0.000000	0.000000	0.654974	0.130938	0.000000	0.000000	1-4	0.829259	0.412387	0.585000	0.515419
0.476163	0.089346	0.000000	0.000000	0.476163	0.089346	0.000000	0.000000	7-3	0.720969	0.166115	0.000000	0.000000
0.623983	0.120632	0.000000	0.000000	0.623983	0.120632	0.000000	0.000000	17-3	0.673820	0.138568	0.000000	0.000000
0.598143	0.126201	0.005000	0.004405	0.598143	0.126201	0.005000	0.004405	8-1	0.851546	0.716385	0.800000	0.704846
