Last AUC	Last AP	Last Pr	Last Re	Best Epoch	Best AUC	Best AP	Best Pr	Best Re
Quantile: 0.900000
0.800073	0.224903	0.015000	0.013216	3-4	0.946025	0.664503	0.780000	0.687225
0.889116	0.429113	0.425000	0.374449	3-3	0.911400	0.501530	0.490000	0.431718
0.928579	0.591160	0.715000	0.629956	4-2	0.958030	0.712257	0.815000	0.718062
0.872244	0.511922	0.655000	0.577093	4-3	0.928162	0.634036	0.810000	0.713656
0.563154	0.116087	0.000000	0.000000	0-0	0.894166	0.324732	0.110000	0.096916
Quantile: 0.950000
0.820842	0.347384	0.290000	0.255507	2-3	0.929348	0.535550	0.555000	0.488987
0.695220	0.172011	0.010000	0.008811	4-1	0.807415	0.278882	0.015000	0.013216
0.860118	0.490805	0.640000	0.563877	2-3	0.931609	0.640139	0.810000	0.713656
0.911231	0.488757	0.435000	0.383260	3-0	0.921845	0.526256	0.545000	0.480176
0.712999	0.170682	0.005000	0.004405	0-3	0.815205	0.388880	0.210000	0.185022
Quantile: 0.990000
0.915396	0.478736	0.445000	0.392070	3-0	0.907499	0.576118	0.705000	0.621145
0.928327	0.579410	0.670000	0.590308	2-2	0.916419	0.589620	0.755000	0.665198
0.894467	0.472156	0.510000	0.449339	3-0	0.936064	0.666005	0.810000	0.713656
0.918409	0.405978	0.245000	0.215859	2-4	0.873233	0.579331	0.725000	0.638767
0.963492	0.710453	0.820000	0.722467	4-0	0.962944	0.712468	0.820000	0.722467
Quantile: 0.995000
0.798702	0.285750	0.015000	0.013216	3-3	0.942551	0.674234	0.775000	0.682819
0.916819	0.507235	0.485000	0.427313	2-0	0.949924	0.737596	0.780000	0.687225
0.919953	0.496981	0.440000	0.387665	3-2	0.927721	0.524975	0.520000	0.458150
0.905240	0.462931	0.460000	0.405286	3-3	0.929181	0.659238	0.805000	0.709251
0.667813	0.151007	0.020000	0.017621	3-2	0.960058	0.711818	0.845000	0.744493
