Best AUC	Best AP	Best Pr	Best Re	Last AUC	Last AP	Last Pr	Last Re
WD: 0.000000
0.689651	0.145249	0.010000	0.008811	0.780252	0.227826	0.025000	0.022026
0.609890	0.117737	0.005000	0.004405	0.652157	0.131657	0.005000	0.004405
0.933747	0.648187	0.795000	0.700441	0.933747	0.648187	0.795000	0.700441
0.641412	0.124748	0.005000	0.004405	0.699316	0.153856	0.005000	0.004405
0.509503	0.098212	0.005000	0.004405	0.621593	0.131286	0.005000	0.004405
WD: 0.100000
0.903095	0.503178	0.620000	0.546256	0.854519	0.449708	0.525000	0.462555
0.929815	0.454119	0.320000	0.281938	0.929815	0.454119	0.320000	0.281938
0.554974	0.111608	0.015000	0.013216	0.609663	0.124510	0.015000	0.013216
0.834026	0.466050	0.650000	0.572687	0.885288	0.368129	0.165000	0.145374
0.928888	0.454909	0.310000	0.273128	0.932192	0.491523	0.410000	0.361233
WD: 0.001000
0.950268	0.611267	0.705000	0.621145	0.951480	0.617541	0.715000	0.629956
0.774384	0.220353	0.005000	0.004405	0.725073	0.170601	0.005000	0.004405
0.876862	0.426345	0.410000	0.361233	0.930818	0.542402	0.575000	0.506608
0.654899	0.149050	0.020000	0.017621	0.834457	0.296382	0.020000	0.017621
0.842752	0.366253	0.365000	0.321586	0.863758	0.411338	0.495000	0.436123
WD: 0.000100
0.912430	0.434236	0.335000	0.295154	0.929928	0.575622	0.650000	0.572687
0.928931	0.459960	0.350000	0.308370	0.929033	0.457904	0.350000	0.308370
0.755878	0.207504	0.015000	0.013216	0.791122	0.271847	0.030000	0.026432
0.955510	0.693585	0.805000	0.709251	0.953768	0.705172	0.820000	0.722467
0.889528	0.443725	0.385000	0.339207	0.886581	0.441683	0.395000	0.348018
