Last AUC	Last AP	Last Pr	Last Re	Best Epoch	Best AUC	Best AP	Best Pr	Best Re
disc_hidden: 8.000000
d_steps: 1.000000
0.877084	0.322302	0.160000	0.140969	0.877084	0.322302	0.160000	0.140969	6-1	0.925647	0.508712	0.450000	0.396476
0.925947	0.507056	0.470000	0.414097	0.925947	0.507056	0.470000	0.414097	2-1	0.945796	0.632277	0.670000	0.590308
0.638750	0.138960	0.005000	0.004405	0.638750	0.138960	0.005000	0.004405	1-5	0.950501	0.683709	0.805000	0.709251
0.929477	0.526277	0.525000	0.462555	0.929477	0.526277	0.525000	0.462555	4-1	0.937002	0.628985	0.780000	0.687225
0.583690	0.116196	0.005000	0.004405	0.583690	0.116196	0.005000	0.004405	3-4	0.935725	0.565731	0.605000	0.533040
disc_hidden: 8.000000
d_steps: 3.000000
0.801160	0.204397	0.015000	0.013216	0.801160	0.204397	0.015000	0.013216	4-0	0.940371	0.669592	0.805000	0.709251
0.900405	0.431884	0.295000	0.259912	0.900405	0.431884	0.295000	0.259912	6-0	0.966891	0.780072	0.770000	0.678414
0.928244	0.521324	0.515000	0.453744	0.928244	0.521324	0.515000	0.453744	2-0	0.950042	0.647581	0.780000	0.687225
0.923967	0.507364	0.490000	0.431718	0.923967	0.507364	0.490000	0.431718	3-4	0.944617	0.655507	0.775000	0.682819
0.911457	0.420389	0.230000	0.202643	0.911457	0.420389	0.230000	0.202643	3-0	0.926748	0.514129	0.495000	0.436123
disc_hidden: 16.000000
d_steps: 1.000000
0.790737	0.253791	0.010000	0.008811	0.790737	0.253791	0.010000	0.008811	4-5	0.936795	0.617988	0.740000	0.651982
0.918662	0.512351	0.570000	0.502203	0.918662	0.512351	0.570000	0.502203	7-5	0.934629	0.601441	0.720000	0.634361
0.924193	0.503633	0.455000	0.400881	0.924193	0.503633	0.455000	0.400881	3-2	0.949441	0.686716	0.795000	0.700441
0.919773	0.523181	0.545000	0.480176	0.919773	0.523181	0.545000	0.480176	6-4	0.930483	0.609041	0.735000	0.647577
0.927397	0.517405	0.485000	0.427313	0.927397	0.517405	0.485000	0.427313	1-5	0.944117	0.648942	0.775000	0.682819
disc_hidden: 16.000000
d_steps: 3.000000
0.732688	0.166741	0.105000	0.092511	0.732688	0.166741	0.105000	0.092511	6-5	0.956941	0.690869	0.810000	0.713656
0.833993	0.354450	0.230000	0.202643	0.833993	0.354450	0.230000	0.202643	6-0	0.960969	0.810875	0.865000	0.762115
0.929741	0.513574	0.465000	0.409692	0.929741	0.513574	0.465000	0.409692	1-1	0.954570	0.678980	0.775000	0.682819
0.950751	0.586020	0.585000	0.515419	0.950751	0.586020	0.585000	0.515419	5-5	0.942147	0.619110	0.735000	0.647577
0.228681	0.061447	0.000000	0.000000	0.228681	0.061447	0.000000	0.000000	5-5	0.940654	0.613716	0.745000	0.656388
disc_hidden: 32.000000
d_steps: 1.000000
0.894212	0.334834	0.090000	0.079295	0.859101	0.291021	0.020000	0.017621	5-2	0.956187	0.664290	0.720000	0.634361
0.925779	0.507154	0.460000	0.405286	0.924913	0.504853	0.440000	0.387665	1-4	0.929101	0.533744	0.550000	0.484581
0.912752	0.572855	0.675000	0.594714	0.823391	0.296544	0.020000	0.017621	1-2	0.924902	0.694369	0.805000	0.709251
0.853818	0.350492	0.290000	0.255507	0.754945	0.242863	0.010000	0.008811	7-4	0.876612	0.386855	0.295000	0.259912
0.860671	0.297362	0.175000	0.154185	0.933870	0.558485	0.600000	0.528634	2-3	0.947968	0.676898	0.795000	0.700441
disc_hidden: 32.000000
d_steps: 3.000000
0.925611	0.507164	0.495000	0.436123	0.793992	0.277518	0.015000	0.013216	2-0	0.921207	0.534512	0.555000	0.488987
0.928730	0.536771	0.565000	0.497797	0.782503	0.229690	0.010000	0.008811	1-2	0.958849	0.767130	0.815000	0.718062
0.888002	0.731631	0.800000	0.704846	0.877630	0.415297	0.365000	0.321586	7-4	0.977988	0.960762	0.995000	0.876652
0.906079	0.492167	0.540000	0.475771	0.839882	0.327303	0.095000	0.083700	2-3	0.941035	0.610606	0.720000	0.634361
0.930702	0.600972	0.560000	0.493392	0.361590	0.072833	0.015000	0.013216	9-4	0.958851	0.901447	0.905000	0.797357
disc_hidden: 64.000000
d_steps: 1.000000
0.926981	0.510820	0.470000	0.414097	0.944771	0.672228	0.790000	0.696035	0-4	0.944771	0.672228	0.790000	0.696035
0.925825	0.516035	0.520000	0.458150	0.819305	0.325080	0.145000	0.127753	1-5	0.942666	0.617513	0.735000	0.647577
0.824497	0.313165	0.165000	0.145374	0.832440	0.370327	0.385000	0.339207	1-2	0.955639	0.696466	0.760000	0.669604
0.924478	0.502512	0.460000	0.405286	0.841498	0.343910	0.080000	0.070485	1-2	0.928600	0.533158	0.535000	0.471366
0.924512	0.498575	0.440000	0.387665	0.839942	0.389134	0.360000	0.317181	1-2	0.865499	0.534438	0.730000	0.643172
disc_hidden: 64.000000
d_steps: 3.000000
0.926219	0.508460	0.510000	0.449339	0.659343	0.129683	0.020000	0.017621	1-4	0.941680	0.655228	0.805000	0.709251
0.623843	0.123007	0.005000	0.004405	0.858699	0.352423	0.095000	0.083700	7-3	0.881458	0.379432	0.205000	0.180617
0.930628	0.582290	0.655000	0.577093	0.826916	0.306097	0.015000	0.013216	2-2	0.942419	0.614650	0.735000	0.647577
0.568550	0.098214	0.000000	0.000000	0.630887	0.116062	0.010000	0.008811	0-3	0.899727	0.610769	0.795000	0.700441
0.764598	0.197617	0.010000	0.008811	0.805100	0.365832	0.330000	0.290749	0-4	0.968319	0.808714	0.800000	0.704846
