Last AUC	Last AP	Last Pr	Last Re	Best Epoch	Best AUC	Best AP	Best Pr	Best Re
LR: 0.050000
0.714319	0.184269	0.000000	0.000000	4-3	0.647228	0.142505	0.005000	0.004405
0.922256	0.482948	0.455000	0.400881	4-5	0.925971	0.512919	0.500000	0.440529
0.929542	0.526437	0.505000	0.444934	4-5	0.951051	0.626702	0.705000	0.621145
0.212143	0.059581	0.000000	0.000000	2-3	0.939830	0.793476	0.805000	0.709251
0.662847	0.151415	0.000000	0.000000	0-0	0.770873	0.237840	0.045000	0.039648
LR: 0.010000
0.966082	0.843672	0.870000	0.766520	4-4	0.959251	0.763455	0.865000	0.762115
0.913148	0.451807	0.335000	0.295154	1-5	0.929331	0.526526	0.520000	0.458150
0.063704	0.050406	0.000000	0.000000	0-0	0.958122	0.738655	0.805000	0.709251
0.820005	0.214596	0.085000	0.074890	2-3	0.960751	0.729718	0.825000	0.726872
0.937898	0.703607	0.720000	0.634361	4-0	0.957221	0.683455	0.670000	0.590308
LR: 0.005000
0.799027	0.268933	0.010000	0.008811	1-5	0.944404	0.673656	0.795000	0.700441
0.925353	0.508060	0.510000	0.449339	4-2	0.953538	0.759060	0.740000	0.651982
0.810283	0.367818	0.430000	0.378855	1-3	0.901537	0.639645	0.795000	0.700441
0.730891	0.219064	0.020000	0.017621	3-3	0.929026	0.530820	0.535000	0.471366
0.919995	0.466852	0.410000	0.361233	3-4	0.925925	0.508579	0.500000	0.440529
LR: 0.001000
0.902531	0.357368	0.100000	0.088106	1-0	0.958063	0.715142	0.805000	0.709251
0.641577	0.137905	0.020000	0.017621	1-1	0.900594	0.611387	0.650000	0.572687
0.846066	0.338035	0.165000	0.145374	3-4	0.973558	0.826237	0.855000	0.753304
0.855909	0.329116	0.025000	0.022026	4-2	0.972451	0.864103	0.920000	0.810573
