Saved AUC	Saved AP	Saved Pr	Saved Re	Last AUC	Last AP	Last Pr	Last Re	Best Epoch	Best AUC	Best AP	Best Pr	Best Re
Static: 1.000000
0.839881	0.407046	0.490000	0.431718	3-4	0.929408	0.552484	0.595000	0.524229
0.927001	0.528730	0.520000	0.458150	2-4	0.933153	0.559493	0.640000	0.563877
0.805674	0.301437	0.335000	0.295154	4-5	0.866007	0.368733	0.315000	0.277533
0.926477	0.511068	0.505000	0.444934	1-5	0.924319	0.540327	0.575000	0.506608
0.830629	0.256192	0.065000	0.057269	3-1	0.800226	0.280298	0.005000	0.004405
Static: 2.000000
0.966082	0.843672	0.870000	0.766520	4-4	0.959251	0.763455	0.865000	0.762115
0.913148	0.451807	0.335000	0.295154	1-5	0.929331	0.526526	0.520000	0.458150
0.063704	0.050406	0.000000	0.000000	0-0	0.958122	0.738655	0.805000	0.709251
0.820005	0.214596	0.085000	0.074890	2-3	0.960751	0.729718	0.825000	0.726872
0.937898	0.703607	0.720000	0.634361	4-0	0.957221	0.683455	0.670000	0.590308
Static: 4.000000
0.483006	0.085926	0.030000	0.026432	4-2	0.957163	0.722439	0.800000	0.704846
0.967419	0.839343	0.880000	0.775330	4-0	0.968858	0.866408	0.915000	0.806167
0.523885	0.099321	0.005000	0.004405	3-0	0.873182	0.419858	0.480000	0.422907
0.416533	0.072998	0.000000	0.000000	0-5	0.903140	0.601584	0.780000	0.687225
0.924491	0.495983	0.490000	0.431718	2-3	0.928473	0.530394	0.540000	0.475771
Static: 8.000000
0.349433	0.070079	0.000000	0.000000	2-1	0.816110	0.458098	0.590000	0.519824
0.565526	0.111667	0.000000	0.000000	3-4	0.956954	0.610454	0.705000	0.621145
0.233405	0.062619	0.015000	0.013216	3-5	0.944506	0.569650	0.545000	0.480176
0.884979	0.509887	0.625000	0.550661	4-3	0.962879	0.811773	0.875000	0.770925
0.091555	0.050259	0.000000	0.000000	1-4	0.957368	0.681712	0.815000	0.718062
Static: 16.000000
0.910107	0.428078	0.215000	0.189427	4-0	0.925127	0.569688	0.620000	0.546256
0.868298	0.423476	0.430000	0.378855	4-1	0.969586	0.901546	0.930000	0.819383
0.929327	0.514728	0.495000	0.436123	1-1	0.915175	0.597267	0.780000	0.687225
0.549025	0.107106	0.005000	0.004405	1-5	0.886196	0.500811	0.590000	0.519824
0.739599	0.191498	0.000000	0.000000	4-2	0.949313	0.693820	0.825000	0.726872
Static: 0.000000
0.459726	0.091896	0.000000	0.000000	1-1	0.958030	0.720809	0.830000	0.731278
0.737018	0.215971	0.015000	0.013216	0-0	0.939478	0.659566	0.795000	0.700441
0.758223	0.246210	0.065000	0.057269	0-0	0.928760	0.604052	0.800000	0.704846
0.524308	0.096469	0.000000	0.000000	1-3	0.920167	0.530114	0.515000	0.453744
0.926891	0.517754	0.505000	0.444934	1-5	0.944210	0.605038	0.660000	0.581498
