Saved AUC	Saved AP	Saved Pr	Saved Re	Last AUC	Last AP	Last Pr	Last Re	Best Epoch	Best AUC	Best AP	Best Pr	Best Re
Disc Hidden: 8.000000
0.732151	0.173862	0.010000	0.008811	0.732151	0.173862	0.010000	0.008811	6-2	0.957441	0.803590	0.805000	0.709251
0.918782	0.605827	0.655000	0.577093	0.879010	0.452668	0.590000	0.519824	9-3	0.918782	0.605827	0.655000	0.577093
0.873163	0.426914	0.470000	0.414097	0.871825	0.423456	0.460000	0.405286	9-4	0.873163	0.426914	0.470000	0.414097
0.896246	0.410850	0.280000	0.246696	0.901141	0.429855	0.350000	0.308370	9-0	0.923761	0.477453	0.405000	0.356828
0.815015	0.275061	0.020000	0.017621	0.815015	0.275061	0.020000	0.017621	9-3	0.829290	0.342088	0.285000	0.251101
Disc Hidden: 16.000000
0.840042	0.355030	0.320000	0.281938	0.840042	0.355030	0.320000	0.281938	9-3	0.887326	0.471352	0.585000	0.515419
0.685893	0.158613	0.005000	0.004405	0.685893	0.158613	0.005000	0.004405	8-4	0.789558	0.327008	0.285000	0.251101
0.831223	0.386879	0.360000	0.317181	0.771977	0.246787	0.015000	0.013216	9-4	0.831223	0.386879	0.360000	0.317181
0.580672	0.119194	0.005000	0.004405	0.653347	0.154243	0.005000	0.004405	4-2	0.858877	0.312982	0.245000	0.215859
0.922962	0.624316	0.725000	0.638767	0.902221	0.575423	0.650000	0.572687	8-4	0.953423	0.698020	0.825000	0.726872
Disc Hidden: 32.000000
0.845504	0.371231	0.360000	0.317181	0.800886	0.293210	0.030000	0.026432	9-2	0.851059	0.374683	0.385000	0.339207
0.638363	0.131480	0.010000	0.008811	0.912399	0.547920	0.730000	0.643172	9-1	0.919251	0.612127	0.790000	0.696035
0.892654	0.561239	0.790000	0.696035	0.892654	0.561239	0.790000	0.696035	7-0	0.921711	0.630734	0.655000	0.577093
