Last AUC	Last AP	Last Pr	Last Re	Best Epoch	Best AUC	Best AP	Best Pr	Best Re
epochs: 25.000000
lr: 0.010000
0.566045	0.110837	0.000000	0.000000	0.929412	0.559137	0.620000	0.546256	9-4	0.929412	0.559137	0.620000	0.546256
0.958791	0.842492	0.845000	0.744493	0.974496	0.884551	0.920000	0.810573	12-5	0.974496	0.884551	0.920000	0.810573
0.868234	0.341565	0.180000	0.158590	0.945413	0.670231	0.790000	0.696035	0-4	0.945413	0.670231	0.790000	0.696035
0.546733	0.103190	0.000000	0.000000	0.941009	0.589841	0.670000	0.590308	0-3	0.941009	0.589841	0.670000	0.590308
0.874024	0.434958	0.490000	0.431718	0.924779	0.768512	0.800000	0.704846	4-2	0.924779	0.768512	0.800000	0.704846
epochs: 25.000000
lr: 0.005000
0.622865	0.120932	0.010000	0.008811	0.941390	0.540108	0.410000	0.361233	1-1	0.941390	0.540108	0.410000	0.361233
0.346948	0.071342	0.015000	0.013216	0.923903	0.825636	0.810000	0.713656	4-2	0.923903	0.825636	0.810000	0.713656
0.905862	0.454529	0.465000	0.409692	0.954066	0.646394	0.700000	0.616740	8-2	0.954066	0.646394	0.700000	0.616740
0.124404	0.054402	0.000000	0.000000	0.974372	0.875764	0.910000	0.801762	18-3	0.974372	0.875764	0.910000	0.801762
0.893153	0.393724	0.215000	0.189427	0.973926	0.884750	0.935000	0.823789	10-4	0.973926	0.884750	0.935000	0.823789
epochs: 25.000000
lr: 0.002500
0.238718	0.061167	0.015000	0.013216	0.940582	0.718802	0.805000	0.709251	4-1	0.940582	0.718802	0.805000	0.709251
0.916785	0.512413	0.615000	0.541850	0.960229	0.741206	0.815000	0.718062	6-2	0.960229	0.741206	0.815000	0.718062
0.875643	0.295124	0.035000	0.030837	0.953010	0.811339	0.890000	0.784141	15-0	0.953010	0.811339	0.890000	0.784141
0.587977	0.115871	0.005000	0.004405	0.931778	0.493471	0.420000	0.370044	2-4	0.931778	0.493471	0.420000	0.370044
