Last AUC	Last AP	Last Pr	Last Re	Best Epoch	Best AUC	Best AP	Best Pr	Best Re
t2v: 4.000000
topo: 1.000000
0.756205	0.283876	0.030000	0.026432	0.903412	0.553552	0.685000	0.603524	5-2	0.949508	0.647776	0.745000	0.656388
0.923038	0.500642	0.460000	0.405286	0.723384	0.180914	0.010000	0.008811	2-3	0.951141	0.665638	0.805000	0.709251
0.923251	0.711523	0.810000	0.713656	0.855599	0.557338	0.650000	0.572687	9-5	0.923251	0.711523	0.810000	0.713656
0.598896	0.114127	0.000000	0.000000	0.836901	0.334423	0.065000	0.057269	4-3	0.950724	0.626996	0.695000	0.612335
0.469200	0.089156	0.000000	0.000000	0.654420	0.135385	0.005000	0.004405	1-1	0.925641	0.675175	0.815000	0.718062
t2v: 4.000000
topo: 0.000000
0.927397	0.537981	0.545000	0.480176	0.922514	0.525998	0.570000	0.502203	8-2	0.928951	0.555025	0.595000	0.524229
0.846795	0.274976	0.000000	0.000000	0.825560	0.312871	0.020000	0.017621	8-2	0.961949	0.909951	0.920000	0.810573
0.913003	0.491576	0.460000	0.405286	0.721524	0.167456	0.005000	0.004405	1-0	0.960508	0.709018	0.815000	0.718062
0.941977	0.543379	0.545000	0.480176	0.768112	0.220616	0.015000	0.013216	8-4	0.962855	0.736302	0.835000	0.735683
0.416256	0.078707	0.025000	0.022026	0.670314	0.137594	0.025000	0.022026	6-0	0.939875	0.647961	0.795000	0.700441
t2v: 8.000000
topo: 1.000000
0.532730	0.101406	0.000000	0.000000	0.550874	0.106191	0.000000	0.000000	1-2	0.862272	0.436617	0.470000	0.414097
0.762098	0.197144	0.015000	0.013216	0.724486	0.188219	0.010000	0.008811	5-1	0.893141	0.850574	0.820000	0.722467
0.802067	0.207883	0.020000	0.017621	0.755026	0.229205	0.020000	0.017621	4-5	0.945949	0.659328	0.805000	0.709251
0.923720	0.510018	0.515000	0.453744	0.694177	0.164972	0.010000	0.008811	1-1	0.933465	0.569483	0.670000	0.590308
0.556678	0.095633	0.000000	0.000000	0.741732	0.207840	0.005000	0.004405	2-5	0.860722	0.495777	0.645000	0.568282
t2v: 8.000000
topo: 0.000000
0.926636	0.512852	0.520000	0.458150	0.656245	0.135315	0.005000	0.004405	5-1	0.949762	0.629512	0.745000	0.656388
0.882465	0.387695	0.235000	0.207048	0.567926	0.098166	0.010000	0.008811	2-0	0.940988	0.650803	0.790000	0.696035
0.734544	0.155136	0.005000	0.004405	0.694999	0.159838	0.000000	0.000000	6-4	0.950311	0.748249	0.815000	0.718062
0.774308	0.197874	0.010000	0.008811	0.767790	0.221465	0.010000	0.008811	7-3	0.961287	0.830866	0.885000	0.779736
0.929983	0.520132	0.505000	0.444934	0.664458	0.141911	0.000000	0.000000	3-5	0.929743	0.538451	0.530000	0.466960
t2v: 16.000000
topo: 1.000000
0.505079	0.094916	0.020000	0.017621	0.743358	0.246717	0.015000	0.013216	2-5	0.902539	0.616833	0.715000	0.629956
0.092686	0.052864	0.000000	0.000000	0.838055	0.392715	0.475000	0.418502	6-3	0.935355	0.870978	0.925000	0.814978
0.944014	0.677593	0.805000	0.709251	0.665796	0.145972	0.005000	0.004405	9-1	0.949040	0.739636	0.870000	0.766520
0.940929	0.471323	0.310000	0.273128	0.564072	0.107146	0.000000	0.000000	9-5	0.940929	0.471323	0.310000	0.273128
0.927271	0.558030	0.660000	0.581498	0.927271	0.558030	0.660000	0.581498	5-5	0.942903	0.680691	0.800000	0.704846
t2v: 16.000000
topo: 0.000000
0.649974	0.119186	0.010000	0.008811	0.784587	0.187665	0.015000	0.013216	3-1	0.961129	0.920317	0.880000	0.775330
0.921820	0.481581	0.420000	0.370044	0.926030	0.506662	0.475000	0.418502	1-1	0.947124	0.641875	0.765000	0.674009
0.857099	0.350303	0.160000	0.140969	0.071297	0.050665	0.000000	0.000000	1-1	0.941444	0.603711	0.740000	0.651982
0.927613	0.513959	0.510000	0.449339	0.720399	0.183065	0.015000	0.013216	8-1	0.934412	0.567836	0.640000	0.563877
0.564778	0.110376	0.020000	0.017621	0.860820	0.316166	0.065000	0.057269	1-5	0.946215	0.672789	0.810000	0.713656
t2v: 32.000000
topo: 1.000000
0.921507	0.488670	0.435000	0.383260	0.924572	0.509898	0.480000	0.422907	1-5	0.962468	0.722005	0.815000	0.718062
0.653860	0.134854	0.000000	0.000000	0.674974	0.145330	0.000000	0.000000	3-1	0.879865	0.615960	0.765000	0.674009
0.927322	0.512462	0.490000	0.431718	0.397352	0.070961	0.000000	0.000000	2-2	0.955463	0.671598	0.745000	0.656388
0.259873	0.079299	0.025000	0.022026	0.259873	0.079299	0.025000	0.022026	8-2	0.969826	0.904912	0.870000	0.766520
0.923316	0.491110	0.440000	0.387665	0.686815	0.203896	0.010000	0.008811	4-3	0.962438	0.779040	0.795000	0.700441
t2v: 32.000000
topo: 0.000000
0.845060	0.415540	0.450000	0.396476	0.845060	0.415540	0.450000	0.396476	9-3	0.848378	0.418542	0.435000	0.383260
0.925947	0.509843	0.490000	0.431718	0.926048	0.506883	0.505000	0.444934	2-3	0.958296	0.699719	0.815000	0.718062
0.887682	0.361649	0.140000	0.123348	0.925802	0.530479	0.565000	0.497797	2-2	0.940176	0.602229	0.715000	0.629956
0.855068	0.380398	0.230000	0.202643	0.855068	0.380398	0.230000	0.202643	8-4	0.935632	0.631583	0.770000	0.678414
0.896216	0.372333	0.065000	0.057269	0.901719	0.344068	0.245000	0.215859	0-5	0.857144	0.522959	0.650000	0.572687
t2v: 64.000000
topo: 1.000000
0.926207	0.520830	0.500000	0.440529	0.279104	0.065859	0.015000	0.013216	2-5	0.946923	0.693120	0.840000	0.740088
0.820321	0.260413	0.005000	0.004405	0.800826	0.353034	0.365000	0.321586	7-2	0.912473	0.732618	0.810000	0.713656
0.821283	0.320879	0.020000	0.017621	0.821283	0.320879	0.020000	0.017621	4-2	0.962752	0.899000	0.940000	0.828194
0.912392	0.472685	0.440000	0.387665	0.926320	0.514523	0.505000	0.444934	5-5	0.944927	0.687920	0.800000	0.704846
0.900347	0.821136	0.820000	0.722467	0.900792	0.514538	0.630000	0.555066	6-2	0.962927	0.931711	0.970000	0.854626
t2v: 64.000000
topo: 0.000000
0.752824	0.215614	0.015000	0.013216	0.817259	0.310403	0.265000	0.233480	3-5	0.966845	0.919508	0.975000	0.859031
0.813633	0.250704	0.015000	0.013216	0.642937	0.134625	0.015000	0.013216	3-2	0.943136	0.810357	0.815000	0.718062
0.815619	0.215936	0.020000	0.017621	0.815619	0.215936	0.020000	0.017621	7-0	0.925867	0.554259	0.650000	0.572687
0.921924	0.517978	0.535000	0.471366	0.925077	0.526677	0.550000	0.484581	5-5	0.946384	0.655348	0.770000	0.678414
0.702308	0.167777	0.005000	0.004405	0.676822	0.157228	0.010000	0.008811	7-3	0.926955	0.632013	0.775000	0.682819
