Last AUC	Last AP	Last Pr	Last Re	Best Epoch	Best AUC	Best AP	Best Pr	Best Re
Quantile: 0.500000
0.943443	0.496241	0.320000	0.281938	2-1	0.945414	0.633864	0.695000	0.612335
0.877730	0.469663	0.530000	0.466960	1-5	0.921812	0.493690	0.480000	0.422907
0.649065	0.130304	0.005000	0.004405	2-4	0.897753	0.428741	0.220000	0.193833
0.912576	0.457051	0.295000	0.259912	4-3	0.912457	0.457215	0.280000	0.246696
0.916287	0.492482	0.445000	0.392070	1-5	0.945679	0.680009	0.800000	0.704846
Quantile: 0.750000
0.234581	0.060976	0.000000	0.000000	2-0	0.913956	0.462078	0.350000	0.308370
0.865333	0.493078	0.635000	0.559471	3-4	0.967066	0.723481	0.800000	0.704846
0.768768	0.262280	0.005000	0.004405	4-1	0.956459	0.678591	0.770000	0.678414
0.898865	0.455118	0.390000	0.343612	3-5	0.926473	0.571267	0.715000	0.629956
0.850156	0.338863	0.160000	0.140969	2-4	0.890576	0.398476	0.165000	0.145374
Quantile: 0.800000
0.530926	0.099780	0.005000	0.004405	3-3	0.741161	0.263091	0.030000	0.026432
0.898618	0.426245	0.240000	0.211454	4-4	0.910814	0.427728	0.215000	0.189427
0.926682	0.550544	0.605000	0.533040	3-5	0.929498	0.553278	0.620000	0.546256
0.936870	0.527203	0.540000	0.475771	2-3	0.940173	0.534259	0.500000	0.440529
0.822592	0.332730	0.120000	0.105727	1-3	0.943842	0.620273	0.745000	0.656388
Quantile: 0.900000
0.800478	0.297166	0.055000	0.048458	2-2	0.930614	0.539431	0.560000	0.493392
0.722000	0.201588	0.020000	0.017621	0-3	0.944797	0.617323	0.760000	0.669604
0.905164	0.435643	0.235000	0.207048	2-2	0.914307	0.501628	0.460000	0.405286
0.500000	0.071004	0.000000	0.000000	2-1	0.923665	0.614026	0.810000	0.713656
0.877535	0.404781	0.345000	0.303965	4-3	0.899295	0.438460	0.310000	0.273128
Quantile: 0.990000
0.545918	0.103375	0.005000	0.004405	1-4	0.901047	0.455204	0.375000	0.330396
0.679822	0.163283	0.025000	0.022026	3-5	0.941449	0.630050	0.695000	0.612335
0.466194	0.087851	0.005000	0.004405	3-3	0.910081	0.499670	0.575000	0.506608
0.906579	0.457024	0.300000	0.264317	3-1	0.934757	0.619842	0.705000	0.621145
0.500000	0.071004	0.000000	0.000000	1-0	0.649475	0.135896	0.005000	0.004405
Quantile: 0.995000
0.921318	0.495888	0.440000	0.387665	4-5	0.921318	0.495888	0.440000	0.387665
0.877259	0.431244	0.390000	0.343612	2-4	0.956268	0.719847	0.845000	0.744493
0.915634	0.465294	0.305000	0.268722	1-1	0.920701	0.619180	0.740000	0.651982
0.803623	0.252880	0.005000	0.004405	2-4	0.877220	0.468832	0.545000	0.480176
0.913735	0.565006	0.650000	0.572687	4-5	0.913735	0.565006	0.650000	0.572687
Quantile: 1.000000
0.906297	0.454217	0.420000	0.370044	2-5	0.905581	0.457301	0.440000	0.387665
0.908199	0.447120	0.245000	0.215859	2-4	0.947059	0.646486	0.775000	0.682819
0.500000	0.071004	0.000000	0.000000	2-2	0.942143	0.626813	0.675000	0.594714
0.933274	0.595736	0.740000	0.651982	4-5	0.933274	0.595736	0.740000	0.651982
0.920249	0.480881	0.335000	0.295154	3-0	0.930575	0.573175	0.630000	0.555066
