Last AUC	Last AP	Last Pr	Last Re	Best Epoch	Best AUC	Best AP	Best Pr	Best Re
quantile: 1.000000
gen_latent: 16.000000
0.933235	0.550478	0.665000	0.585903	4-5	0.933235	0.550478	0.665000	0.585903
0.153635	0.055138	0.005000	0.004405	3-5	0.931403	0.421562	0.250000	0.220264
0.531540	0.099984	0.010000	0.008811	0-1	0.875936	0.345441	0.215000	0.189427
0.888296	0.396993	0.170000	0.149780	4-2	0.902941	0.443168	0.270000	0.237885
0.859675	0.288523	0.175000	0.154185	2-4	0.944000	0.645815	0.710000	0.625551
quantile: 1.000000
gen_latent: 32.000000
0.869227	0.358522	0.165000	0.145374	0-1	0.929977	0.471842	0.315000	0.277533
0.765119	0.247699	0.005000	0.004405	0-1	0.938442	0.539958	0.640000	0.563877
0.950664	0.621718	0.740000	0.651982	3-3	0.961800	0.707233	0.825000	0.726872
0.936844	0.463601	0.310000	0.273128	4-3	0.938026	0.522715	0.555000	0.488987
0.630035	0.132894	0.010000	0.008811	0-3	0.886765	0.509475	0.615000	0.541850
quantile: 1.000000
gen_latent: 64.000000
0.903765	0.429354	0.190000	0.167401	4-5	0.903765	0.429354	0.190000	0.167401
0.808245	0.285791	0.015000	0.013216	1-5	0.968313	0.887458	0.820000	0.722467
0.765385	0.270319	0.020000	0.017621	3-0	0.826069	0.378229	0.440000	0.387665
0.626877	0.131603	0.010000	0.008811	4-0	0.713039	0.186352	0.010000	0.008811
0.767637	0.252480	0.010000	0.008811	2-2	0.932349	0.621033	0.785000	0.691630
quantile: 1.000000
gen_latent: 8.000000
0.723035	0.189377	0.010000	0.008811	2-2	0.923265	0.590290	0.750000	0.660793
0.606443	0.120751	0.020000	0.017621	2-3	0.840256	0.444134	0.505000	0.444934
0.888105	0.398375	0.180000	0.158590	2-0	0.918224	0.514682	0.520000	0.458150
0.904175	0.444757	0.270000	0.237885	2-2	0.908009	0.457208	0.300000	0.264317
0.750254	0.201213	0.025000	0.022026	4-3	0.828576	0.360341	0.265000	0.233480
quantile: 1.000000
gen_latent: 4.000000
0.689912	0.170566	0.005000	0.004405	2-0	0.871959	0.460991	0.530000	0.466960
0.908045	0.516997	0.605000	0.533040	4-0	0.944215	0.615593	0.740000	0.651982
0.893810	0.418628	0.260000	0.229075	2-2	0.917970	0.540912	0.585000	0.515419
0.921926	0.433644	0.245000	0.215859	1-4	0.910046	0.721604	0.795000	0.700441
0.892313	0.415751	0.255000	0.224670	1-4	0.919931	0.506184	0.465000	0.409692
quantile: 1.000000
gen_latent: 0.000000
0.907618	0.448436	0.285000	0.251101	4-4	0.909247	0.453341	0.285000	0.251101
0.921305	0.529197	0.570000	0.502203	3-3	0.928275	0.557658	0.615000	0.541850
0.910959	0.454653	0.300000	0.264317	2-0	0.928031	0.547619	0.595000	0.524229
0.515273	0.096085	0.005000	0.004405	0-0	0.885586	0.384643	0.160000	0.140969
0.575531	0.111295	0.010000	0.008811	0-1	0.969442	0.731022	0.845000	0.744493
quantile: 0.990000
gen_latent: 16.000000
0.769744	0.279557	0.015000	0.013216	3-1	0.814661	0.287135	0.015000	0.013216
0.522679	0.097835	0.010000	0.008811	3-3	0.885584	0.465741	0.510000	0.449339
0.552823	0.102284	0.005000	0.004405	2-0	0.937059	0.593997	0.685000	0.603524
0.918694	0.435533	0.310000	0.273128	2-3	0.956735	0.607157	0.710000	0.625551
0.911783	0.358972	0.190000	0.167401	4-3	0.950240	0.616273	0.725000	0.638767
quantile: 0.990000
gen_latent: 32.000000
0.822123	0.378007	0.410000	0.361233	3-3	0.923088	0.621747	0.670000	0.590308
0.956047	0.719009	0.800000	0.704846	4-5	0.956047	0.719009	0.800000	0.704846
0.620058	0.127865	0.000000	0.000000	2-3	0.757387	0.269755	0.030000	0.026432
0.539462	0.101673	0.010000	0.008811	1-5	0.868131	0.454282	0.565000	0.497797
0.850767	0.287158	0.165000	0.145374	3-5	0.889614	0.557926	0.645000	0.568282
quantile: 0.990000
gen_latent: 64.000000
0.902232	0.449763	0.295000	0.259912	2-2	0.940592	0.609049	0.705000	0.621145
0.874446	0.394165	0.320000	0.281938	0-2	0.922586	0.498580	0.390000	0.343612
0.533608	0.100448	0.010000	0.008811	3-3	0.601749	0.120809	0.010000	0.008811
0.844029	0.341294	0.165000	0.145374	4-5	0.844029	0.341294	0.165000	0.145374
0.546944	0.103680	0.010000	0.008811	3-1	0.922153	0.794633	0.810000	0.713656
quantile: 0.990000
gen_latent: 8.000000
0.644740	0.125598	0.020000	0.017621	3-1	0.911463	0.551016	0.700000	0.616740
0.913090	0.456258	0.270000	0.237885	3-5	0.945444	0.690135	0.805000	0.709251
0.931869	0.471813	0.335000	0.295154	4-1	0.962646	0.726187	0.800000	0.704846
0.900312	0.481551	0.540000	0.475771	3-0	0.953127	0.661465	0.790000	0.696035
0.564612	0.107978	0.010000	0.008811	1-5	0.899089	0.611690	0.770000	0.678414
quantile: 0.990000
gen_latent: 4.000000
0.722116	0.145173	0.025000	0.022026	4-2	0.939408	0.607047	0.670000	0.590308
0.645667	0.139909	0.010000	0.008811	2-5	0.816647	0.365589	0.400000	0.352423
0.906874	0.359991	0.095000	0.083700	2-5	0.953142	0.650660	0.555000	0.488987
0.815259	0.234708	0.015000	0.013216	2-0	0.905354	0.456779	0.300000	0.264317
0.550314	0.110851	0.015000	0.013216	4-0	0.930305	0.503439	0.395000	0.348018
quantile: 0.990000
gen_latent: 0.000000
0.910395	0.458266	0.295000	0.259912	3-3	0.920780	0.488140	0.415000	0.365639
0.704553	0.168234	0.005000	0.004405	2-4	0.937868	0.620806	0.765000	0.674009
0.808372	0.223426	0.085000	0.074890	2-2	0.904317	0.610095	0.730000	0.643172
0.949670	0.653451	0.770000	0.678414	4-2	0.954069	0.660800	0.770000	0.678414
0.828838	0.259316	0.165000	0.145374	4-2	0.909443	0.434628	0.185000	0.162996
quantile: 0.900000
gen_latent: 16.000000
0.828502	0.262720	0.015000	0.013216	3-4	0.898777	0.477428	0.570000	0.502203
0.887456	0.338123	0.025000	0.022026	2-5	0.908072	0.514493	0.655000	0.577093
0.566888	0.109569	0.010000	0.008811	3-0	0.964913	0.698291	0.835000	0.735683
0.204579	0.059146	0.000000	0.000000	3-1	0.623046	0.159979	0.015000	0.013216
0.894660	0.425497	0.270000	0.237885	3-3	0.959971	0.729688	0.805000	0.709251
quantile: 0.900000
gen_latent: 32.000000
0.366421	0.073996	0.000000	0.000000	3-0	0.959305	0.712643	0.840000	0.740088
0.472665	0.090583	0.005000	0.004405	3-1	0.822382	0.244777	0.015000	0.013216
0.580097	0.113283	0.005000	0.004405	2-0	0.948925	0.619641	0.705000	0.621145
0.721660	0.212189	0.010000	0.008811	4-5	0.721660	0.212189	0.010000	0.008811
0.557800	0.107340	0.005000	0.004405	4-4	0.936792	0.489768	0.260000	0.229075
quantile: 0.900000
gen_latent: 64.000000
0.932531	0.449894	0.270000	0.237885	3-0	0.948880	0.681734	0.825000	0.726872
0.730779	0.206122	0.010000	0.008811	4-5	0.730779	0.206122	0.010000	0.008811
0.879257	0.372593	0.165000	0.145374	1-3	0.890545	0.436969	0.440000	0.387665
0.931350	0.588988	0.735000	0.647577	3-4	0.934099	0.590059	0.730000	0.643172
0.898916	0.580465	0.660000	0.581498	2-4	0.933610	0.650058	0.810000	0.713656
quantile: 0.900000
gen_latent: 8.000000
0.925055	0.505285	0.435000	0.383260	4-5	0.925055	0.505285	0.435000	0.383260
0.545946	0.103198	0.005000	0.004405	0-2	0.753632	0.206720	0.015000	0.013216
0.871165	0.286453	0.010000	0.008811	3-0	0.936057	0.592971	0.730000	0.643172
0.770906	0.265987	0.015000	0.013216	2-0	0.953663	0.690273	0.805000	0.709251
0.879066	0.360965	0.170000	0.149780	2-2	0.906431	0.450766	0.285000	0.251101
quantile: 0.900000
gen_latent: 4.000000
0.579940	0.112599	0.010000	0.008811	2-2	0.871477	0.437494	0.475000	0.418502
0.922693	0.539968	0.590000	0.519824	1-5	0.934092	0.582089	0.640000	0.563877
0.764173	0.201945	0.005000	0.004405	2-5	0.800249	0.347674	0.325000	0.286344
0.870453	0.469184	0.575000	0.506608	4-4	0.861742	0.624649	0.660000	0.581498
0.931207	0.583030	0.720000	0.634361	4-5	0.931207	0.583030	0.720000	0.634361
quantile: 0.900000
gen_latent: 0.000000
0.919273	0.533695	0.655000	0.577093	2-1	0.955673	0.705359	0.805000	0.709251
0.706341	0.178536	0.015000	0.013216	0-2	0.948637	0.612374	0.745000	0.656388
0.603423	0.120462	0.005000	0.004405	0-0	0.896777	0.537358	0.655000	0.577093
0.853058	0.348793	0.165000	0.145374	3-5	0.924556	0.548760	0.630000	0.555066
0.056291	0.050423	0.000000	0.000000	3-5	0.590216	0.110345	0.015000	0.013216
quantile: 0.800000
gen_latent: 16.000000
0.732895	0.206849	0.010000	0.008811	2-1	0.920637	0.564662	0.720000	0.634361
0.902376	0.434473	0.290000	0.255507	2-4	0.927365	0.569622	0.645000	0.568282
0.884076	0.390864	0.165000	0.145374	4-3	0.918710	0.482038	0.380000	0.334802
0.619219	0.126887	0.005000	0.004405	4-0	0.686533	0.172043	0.020000	0.017621
0.883031	0.375774	0.170000	0.149780	2-2	0.959253	0.726974	0.715000	0.629956
quantile: 0.800000
gen_latent: 32.000000
0.897042	0.454533	0.490000	0.431718	4-4	0.909719	0.478517	0.515000	0.453744
0.774999	0.198246	0.005000	0.004405	1-5	0.929400	0.497325	0.370000	0.325991
0.890053	0.443173	0.460000	0.405286	4-2	0.954574	0.722436	0.845000	0.744493
0.558033	0.106053	0.010000	0.008811	3-4	0.580061	0.113060	0.010000	0.008811
0.889911	0.453963	0.480000	0.422907	2-1	0.938988	0.635229	0.785000	0.691630
quantile: 0.800000
gen_latent: 64.000000
0.872921	0.363886	0.165000	0.145374	1-3	0.927623	0.601346	0.760000	0.669604
0.576147	0.110765	0.005000	0.004405	2-5	0.890971	0.414152	0.240000	0.211454
